Year   Jan  Feb  Mar  Apr  May  Jun  Jul  Aug  Sep  Oct  Nov  Dec    J-D D-N    DJF  MAM  JJA  SON  Year
1880   -43  -27  -26  -37  -32  -39  -24  -14  -30  -24  -20  -23    -28 -999  -999  -31  -26  -25  1880
1881   -20  -24   -1   -5   -6  -32  -14  -12  -26  -29  -38  -30    -20 -19    -22   -4  -19  -31  1881
1882   -13   -2  -10  -29  -25  -33  -27  -14  -25  -38  -37  -52    -26 -24    -15  -21  -25  -33  1882
1883   -46  -41  -18  -22  -27  -11  -10  -21  -31  -34  -33  -29    -27 -29    -47  -23  -14  -33  1883
1884   -27  -20  -35  -39  -37  -36  -28  -19  -31  -34  -36  -32    -31 -31    -25  -37  -28  -34  1884
1885   -61  -33  -24  -40  -33  -42  -30  -26  -23  -24  -19   -6    -30 -32    -42  -32  -33  -22  1885
1886   -37  -44  -28  -21  -19  -33   -8  -23  -20  -31  -34  -30    -27 -25    -29  -23  -21  -28  1886
1887   -64  -51  -35  -42  -29  -24   -8  -27  -25  -38  -32  -40    -35 -34    -48  -35  -20  -32  1887
1888   -48  -47  -46  -36  -29  -25  -19  -23  -19  -11   -5  -22    -28 -29    -45  -37  -22  -12  1888
1889   -23    8   -1   -3   -7  -13  -17  -25  -22  -30  -37  -34    -17 -16    -12   -4  -18  -30  1889
1890   -52  -41  -34  -37  -50  -39  -31  -38  -42  -24  -51  -35    -40 -39    -42  -41  -36  -39  1890
1891   -49  -54  -18  -31  -21  -24  -23  -20  -17  -24  -39  -10    -28 -30    -46  -23  -22  -27  1891
1892   -39  -12  -36  -44  -33  -23  -32  -29  -22  -29  -52  -48    -33 -30    -20  -38  -28  -35  1892
1893   -86  -60  -20  -37  -40  -29  -11  -27  -26  -18  -19  -35    -34 -35    -65  -32  -23  -21  1893
1894   -52  -33  -26  -45  -40  -44  -21  -26  -36  -29  -39  -30    -35 -36    -40  -37  -31  -35  1894
1895   -57  -50  -32  -28  -31  -23  -21  -19  -13  -17  -14  -21    -27 -28    -45  -30  -21  -15  1895
1896   -27  -20  -32  -38  -17  -15   -8  -14  -11   -2  -15  -13    -18 -18    -23  -29  -12   -9  1896
1897   -22  -20  -19   -9   -5  -14   -5  -10  -15  -12  -19  -17    -14 -14    -18  -11  -10  -15  1897
1898    -7  -26  -49  -25  -36  -18  -21  -22  -21  -29  -40  -28    -27 -26    -17  -37  -21  -30  1898
1899   -22  -38  -29  -16  -17  -28  -10   -7   -7   -2   13  -27    -16 -16    -29  -21  -15    1  1899
1900   -35    5   -1  -11   -8  -10  -10  -11   -6    1  -13   -8     -9 -11    -19   -7  -10   -6  1900
1901   -21    0    3   -3  -15  -14  -17  -19  -22  -26  -24  -26    -15 -14    -10   -5  -17  -24  1901
1902   -14    5  -23  -26  -29  -30  -17  -27  -26  -32  -42  -46    -25 -24    -12  -26  -25  -33  1902
1903   -25    5  -16  -36  -32  -42  -28  -38  -43  -41  -32  -45    -31 -31    -22  -28  -36  -39  1903
1904   -56  -45  -34  -43  -42  -35  -33  -34  -38  -31  -12  -21    -35 -37    -49  -40  -34  -27  1904
1905   -31  -55  -21  -35  -28  -26  -22  -17  -17  -26  -10  -21    -26 -26    -36  -28  -22  -17  1905
1906   -27  -30  -17   -3  -20  -13  -22  -12  -22  -15  -38  -14    -19 -20    -26  -13  -16  -25  1906
1907   -42  -50  -28  -46  -50  -45  -39  -40  -28  -25  -44  -43    -40 -37    -35  -41  -41  -33  1907
1908   -41  -27  -47  -41  -34  -26  -24  -34  -22  -30  -40  -40    -34 -34    -37  -41  -28  -31  1908
1909   -56  -38  -43  -45  -42  -41  -33  -20  -23  -22  -19  -40    -35 -35    -45  -43  -32  -21  1909
1910   -33  -32  -35  -34  -35  -34  -21  -24  -29  -31  -42  -56    -34 -32    -35  -35  -26  -34  1910
1911   -53  -47  -50  -49  -42  -38  -24  -28  -24  -18  -18  -19    -34 -37    -52  -47  -30  -20  1911
1912   -23  -10  -31  -22  -21  -20  -39  -52  -43  -52  -32  -34    -32 -30    -17  -24  -37  -42  1912
1913   -38  -34  -38  -35  -38  -43  -28  -24  -26  -31  -18   -3    -30 -32    -36  -37  -32  -25  1913
1914    -4  -11  -21  -24  -16  -16  -16  -14  -17   -1  -19  -15    -14 -13     -6  -20  -15  -12  1914
1915   -21   -7  -14    1   -2   -2   -2  -11   -6  -20  -12  -19    -10  -9    -15   -5   -5  -13  1915
1916   -18  -16  -32  -26  -32  -38  -28  -20  -26  -19  -36  -63    -29 -26    -18  -30  -28  -27  1916
1917   -41  -50  -49  -38  -56  -36  -18  -21  -15  -36  -30  -70    -38 -38    -51  -48  -25  -27  1917
1918   -49  -44  -28  -45  -46  -35  -29  -38  -23   -7  -20  -33    -33 -36    -54  -40  -34  -17  1918
1919   -17  -20  -19  -12  -18  -19  -19  -15  -12  -18  -45  -34    -21 -21    -23  -16  -18  -25  1919
1920   -13  -21   -1  -14  -11  -19  -25  -20  -20  -26  -29  -44    -20 -19    -23   -9  -21  -25  1920
1921    -5  -17  -14  -17  -20  -13   -1  -27  -20   -8  -17  -17    -15 -17    -22  -17  -14  -15  1921
1922   -32  -36  -20  -25  -31  -26  -17  -26  -29  -26  -17  -19    -25 -25    -28  -25  -23  -24  1922
1923   -24  -27  -24  -35  -36  -22  -28  -30  -27   -9    2   -3    -22 -23    -23  -32  -27  -11  1923
1924   -23  -24  -10  -32  -22  -21  -19  -21  -24  -24  -14  -32    -22 -20    -17  -21  -20  -21  1924
1925   -32  -26  -17  -18  -24  -29  -21  -14  -17  -20    0   15    -17 -21    -30  -20  -22  -12  1925
1926    20   13   23   -9  -14  -16  -10    0   -4    0   -5  -19     -2   1     16    0   -8   -3  1926
1927   -19   -5  -30  -23  -20  -18   -7  -16   -8    3   -1  -30    -15 -14    -14  -24  -14   -2  1927
1928     2   -3  -19  -24  -25  -29  -11  -17  -12  -12   -1   -9    -13 -15    -10  -23  -19   -8  1928
1929   -33  -43  -24  -31  -32  -33  -27  -24  -20   -8   -2  -43    -27 -24    -28  -29  -28  -10  1929
1930   -17  -14   -3  -16  -18  -15   -9   -2   -8   -8   16   -2     -8 -11    -25  -12   -9    0  1930
1931    -1  -16   -2  -13  -11    2   10    3   -8    5   -2    1     -3  -3     -6   -9    5   -2  1931
1932    15  -14  -13   -4  -12  -20  -12  -11    1    2  -17  -17     -8  -7      1   -9  -14   -4  1932
1933   -24  -20  -19  -17  -17  -20   -8  -12  -19  -15  -26  -41    -20 -18    -20  -18  -13  -20  1933
1934   -17    0  -26  -24   -6   -7   -2   -5  -15   -1    9    2     -8 -11    -19  -19   -5   -2  1934
1935   -27   23   -4  -28  -25  -16  -12  -13  -14    1  -23  -13    -13 -11     -1  -19  -13  -12  1935
1936   -21  -28  -15  -12  -10   -7   11    0   -3    4    6    9     -6  -7    -21  -12    1    2  1936
1937     1   19   -8  -10    1    3    8    8   17   14   18   -2      6   7     10   -6    6   16  1937
1938    14    9   22   19    7   -3    6    5   12   19   16  -10     10  10      7   16    3   16  1938
1939     0   -3  -15   -6   -2    0    4   -3   -1   -5    4   36      1  -3     -4   -8    0   -1  1939
1940   -18    0    3   11    3    3   17   -3    7    1    5   11      3   5      6    6    6    4  1940
1941     8   20    2   13    9    5   10    0  -14   19   11   20      9   8     13    8    5    5  1941
1942    20   -9   -2   -1    6    3   -1   -3    0    1    2    3      2   3     10    1   -1    1  1942
1943   -14   11   -9    8   16    1   14    5    4   22   17   24      8   6      0    5    6   14  1943
1944    34   24   20    9   19   11   17   15   25   23   15   11     19  20     27   16   14   21  1944
1945    15   10   11   17    0   -2    2   14    0    8    6  -10      6   8     12    9    5    4  1945
1946    11    6   -5    5   -8  -16   -4  -20   -4   -5   -5  -28     -6  -5      3   -3  -13   -5  1946
1947    -5   -2   13    4   -4   -9   -4   -5   -8   11   11  -12     -1  -2    -12    4   -6    5  1947
1948    12  -10  -10   -6    4    4  -11   -8   -9    0   -5  -20     -5  -4     -4   -4   -5   -5  1948
1949    14  -17   -2   -8   -9  -21  -10   -5   -5   -1   -6  -11     -7  -8     -8   -6  -12   -4  1949
1950   -25  -28   -3  -19  -14   -6   -9  -19  -12  -17  -29  -11    -16 -16    -21  -12  -11  -19  1950
1951   -32  -40  -18   -9    1   -4   -2   11    8   13    2   17     -4  -7    -28   -9    1    8  1951
1952    14   14   -8    5   -1    3    7    9    7   -5  -15   -4      2   4     15   -1    6   -4  1952
1953    11   17   15   18    7    4    4    9    9    9    1   14     10   8      8   14    6    6  1953
1954   -19   -5   -9  -10  -17  -14  -22  -18  -13   -4   12  -12    -11  -9     -3  -12  -18   -2  1954
1955    18  -14  -30  -17  -19  -14   -8   10   -8    0  -23  -28    -11 -10     -3  -22   -4  -10  1955
1956   -16  -25  -23  -22  -24  -15  -10  -27  -16  -22  -17   -8    -19 -20    -23  -23  -17  -18  1956
1957    -7    2    1    9   11   19    4   16    8    3   14   16      8   6     -4    7   13    8  1957
1958    42   24   15    4    7   -8    8   -2   -3    5    5    5      8   9     27    9   -1    2  1958
1959    11   11   21   18   10    7    7    1   -8   -4   -8    4      6   6      9   16    5   -7  1959
1960     1   19  -31  -13   -5   -3   -1    6    5    5   -9   20     -1  -2      8  -17    0    0  1960
1961     5   21   10   12   21   13    1    3    8    6    6  -14      7  10     15   14    5    6  1961
1962     6   18   12   11  -10    9   -3   -5    3    1    8    0      4   3      3    5    0    4  1962
1963     2   21  -13   -8   -3    6   15   26   23    9   14    3      8   8      8   -8   16   16  1963
1964    -4   -8  -26  -33  -27   -4   -5  -24  -37  -29  -20  -29    -21 -18     -3  -29  -11  -29  1964
1965   -10  -18  -10  -19   -6  -11  -21   -6  -17   -7   -8   -6    -11 -13    -19  -12  -13  -11  1965
1966   -17   -1   10  -11   -6   -2   11   -5    1  -15    0   -3     -3  -3     -8   -3    1   -4  1966
1967    -7  -24    8   -3   12   -6    6    0    0   11   -1   -1      0  -1    -11    6    0    3  1967
1968   -22  -14   26   -4  -10   -1   -7   -5  -14   13   -2  -12     -4  -4    -12    4   -4   -1  1968
1969    -6   -9   -2   19   13   13   -3    0    8   14   16   31      8   4     -9   10    3   13  1969
1970    10   23    9    4   -5   -2   -2  -13   12    3    3  -12      3   6     21    3   -6    6  1970
1971    -2  -20  -22  -11  -11  -21  -12   -4   -2   -4   -8  -12    -11 -11    -12  -15  -12   -5  1971
1972   -26  -21   -4   -2   -3    5   -1   20    4    4   -2   18      0  -3    -19   -3    8    2  1972
1973    24   29   25   24   23   16    9    1    8   12    4   -8     14  16     24   24    9    8  1973
1974   -14  -26   -6  -12   -4   -5   -3   10   -9   -7  -11  -11     -8  -8    -16   -7    1   -9  1974
1975     2    1   11   -3   18   -2   -3  -22   -6  -10  -16  -21     -4  -3     -3    9   -9  -11  1975
1976    -8  -11  -27  -15  -29  -15  -12  -19  -11  -28  -11    1    -15 -17    -13  -24  -16  -17  1976
1977    11   15   16   20   29   23   20   17   -4   -3   14    3     13  13      9   21   20    2  1977
1978     5    9   14   10    3   -5    9  -18    9   -1    8    1      4   4      5    9   -5    5  1978
1979     7  -17   10   11   -3    5   -5   10   20   19   20   40     10   7     -3    6    3   20  1979
1980    22   30   24   27   29   10   22   18   14   10   23   10     20  22     31   26   17   16  1980
1981    49   37   44   24   16   22   29   32   12    6   18   29     27  25     32   28   28   12  1981
1982     1    9  -10   -1   12    0   12   -3    2    3    4   36      5   5     13    0    3    3  1982
1983    47   36   37   27   31   16   11   29   36   10   23   11     26  28     39   32   19   23  1983
1984    23    9   24    4   30   -1   12   11   17    4   -5  -14     10  12     14   20    7    5  1984
1985    16  -11   11    4    6   13   -5   10    6    5   -1    9      5   3     -3    7    6    3  1985
1986    22   37   25   19   17    6    6    7   -1    6    2    7     13  13     23   20    7    2  1986
1987    27   39   12   18   17   33   41   19   31   28   23   45     28  24     24   16   31   27  1987
1988    53   37   47   36   39   40   28   32   32   30    0   22     33  35     45   41   33   21  1988
1989     6   30   29   20    7    8   30   26   32   27    9   30     21  20     19   19   21   23  1989
1990    31   30   67   46   37   28   43   24   17   38   37   34     36  36     30   50   32   31  1990
1991    34   45   29   44   31   49   47   38   40   20   19   25     35  36     38   34   45   26  1991
1992    38   34   38   15   23   16    1    0  -12   -5   -8   10     13  14     32   26    6   -8  1992
1993    28   29   28   16   16    9   12    2   -1   13   -1   12     14  13     22   20    8    4  1993
1994    22   -7   19   30   16   34   22   15   31   35   38   28     24  22      9   22   23   35  1994
1995    43   71   41   41   20   36   49   39   23   44   38   24     39  39     48   34   41   35  1995
1996    24   48   31   26   20   18   35   47   24   15   34   33     30  29     32   26   34   25  1996
1997    27   32   48   33   31   52   27   34   43   52   57   56     41  39     31   37   38   51  1997
1998    55   83   59   56   66   71   65   63   42   40   45   51     58  58     65   60   66   42  1998
1999    42   60   27   25   22   35   30   28   30   32   29   34     33  34     51   24   31   31  1999
2000    18   52   50   52   30   37   36   39   35   19   28   24     35  36     35   44   37   28  2000
2001    38   41   54   42   52   44   52   46   49   46   65   51     48  46     34   49   48   53  2001
2002    70   70   88   55   56   47   56   45   52   50   50   37     56  58     63   66   50   51  2002
2003    67   50   52   48   53   41   49   63   60   67   49   68     56  53     51   51   51   59  2003
2004    53   67   58   52   35   34   19   42   47   60   66   46     48  50     63   48   32   58  2004
2005    69   55   68   62   55   57   54   57   67   72   64   63     62  61     57   62   56   68  2005
2006    48   63   58   45   41   54   42   63   54   60   64   72     55  55     58   48   53   59  2006
2007    88   63   65   67   61   53   56   56   51   54   48   39     58  61     74   64   55   51  2007
2008    15   25   65   43   41   34   54   36   53   56   58   48     44  43     27   50   41   56  2008
2009    54   46   47   48   55   61   65   55   65   60   67   60     57  56     49   50   60   64  2009
2010    69   74   85   76   65   56   49   53   53   63   71   43     63  65     68   76   53   63  2010
2011    44   43   56   55   42   50   65   65   50   54   48   45     52  51     43   51   60   51  2011
